Running With 200 Bodies for 10000 timeSteps. Initial state:
Body   			:		x		y			z		|		vx			vy			vz		
Body191 0.400000	: 0.320000	1.400000	0.020000	|	-0.180000	0.340000	0.296000
Body192 0.400000	: 1.620000	1.560000	-1.140000	|	-0.284000	-0.336000	-0.004000
Body193 0.400000	: -0.840000	-1.000000	-1.160000	|	-0.304000	0.384000	-0.076000
Body194 0.400000	: -0.140000	-0.900000	1.080000	|	-0.328000	-0.040000	-0.380000
Body195 0.400000	: 1.000000	-0.260000	0.280000	|	0.048000	-0.328000	-0.388000
Body196 0.400000	: -1.020000	1.640000	-1.580000	|	0.200000	-0.256000	-0.184000
Body197 0.400000	: 1.440000	-1.660000	-1.360000	|	-0.152000	-0.024000	-0.208000
Body198 0.400000	: -1.820000	1.980000	-0.060000	|	-0.004000	-0.116000	-0.028000
Body199 0.400000	: 1.600000	-1.760000	0.940000	|	0.136000	-0.280000	-0.060000
Body200 0.400000	: 0.780000	-1.440000	-1.600000	|	0.000000	0.160000	-0.252000
-------------------------------------------------------------------------------------------

Last Step = 10000
Body191 0.400000	: 6076.179040	-567.094134	15462.154683	|	0.608841	-0.056858	1.549392
Body192 0.400000	: 734.030388	536.435828	-66.330376	|	0.072784	0.058792	-0.000309
Body193 0.400000	: 1118.497590	-569.338596	925.275568	|	0.111329	-0.054299	0.090167
Body194 0.400000	: -883.978018	702.083497	2046.021779	|	-0.087998	0.070704	0.204599
Body195 0.400000	: 678.154132	444.665884	-17.633912	|	0.038438	0.022002	0.033376
Body196 0.400000	: -1053.966564	-5809.721001	-1300.918036	|	-0.109431	-0.595172	-0.132653
Body197 0.400000	: 670.786041	436.546399	5.031583	|	0.045877	0.057824	-0.010203
Body198 0.400000	: -344.967378	760.458367	-43.310932	|	-0.033331	0.074591	-0.004278
Body199 0.400000	: 3029.811883	-2149.155275	-1038.895008	|	0.303591	-0.213069	-0.104808
Body200 0.400000	: -3420.787252	-4144.463936	-2934.512883	|	-0.347910	-0.421696	-0.294397
-------------------------------------------------------------------------------------------
