Running With 200 Bodies for 10000 timeSteps. Initial state:
Body   			:		x		y			z		|		vx			vy			vz		
Body191 0.400000	: -1.680000	-0.520000	0.520000	|	-0.048000	-0.184000	0.100000
Body192 0.400000	: -1.920000	1.500000	1.480000	|	-0.116000	-0.280000	-0.288000
Body193 0.400000	: -0.180000	0.960000	-1.640000	|	0.144000	-0.200000	-0.348000
Body194 0.400000	: -1.320000	-0.700000	-1.100000	|	0.252000	0.196000	-0.196000
Body195 0.400000	: 1.340000	-1.220000	-0.440000	|	-0.324000	0.084000	0.368000
Body196 0.400000	: -0.960000	0.720000	0.280000	|	0.312000	-0.112000	0.268000
Body197 0.400000	: 0.040000	0.480000	0.840000	|	0.096000	-0.228000	-0.324000
Body198 0.400000	: 2.000000	0.660000	1.340000	|	-0.328000	0.068000	-0.140000
Body199 0.400000	: -1.400000	1.980000	0.600000	|	0.092000	-0.360000	0.108000
Body200 0.400000	: 1.480000	-1.500000	1.300000	|	-0.192000	-0.224000	-0.056000
-------------------------------------------------------------------------------------------

Last Step = 10000
Body191 0.400000	: -1583.627266	243.229489	1204.940619	|	-0.152972	0.024325	0.123174
Body192 0.400000	: 2534.975577	-765.085365	849.289290	|	0.256308	-0.073483	0.088533
Body193 0.400000	: 73.387285	-54.412095	-543.098487	|	0.020438	-0.000339	-0.055013
Body194 0.400000	: 2593.859335	-1840.184929	-3678.019674	|	0.259570	-0.184298	-0.367880
Body195 0.400000	: -3930.488713	-6706.077970	9330.774883	|	-0.403624	-0.689590	0.956193
Body196 0.400000	: 3918.576049	-651.045807	2144.643111	|	0.391021	-0.065324	0.214442
Body197 0.400000	: 4326.796756	-4711.701241	-3822.871095	|	0.435513	-0.475112	-0.384039
Body198 0.400000	: -340.115437	-190.479635	347.440385	|	-0.028550	-0.020031	0.028728
Body199 0.400000	: -9587.845517	-2320.291453	-1132.657444	|	-0.959476	-0.232625	-0.113396
Body200 0.400000	: 688.602160	-6181.221229	1117.656263	|	0.068671	-0.625501	0.115097
-------------------------------------------------------------------------------------------
