Running With 200 Bodies for 10000 timeSteps. Initial state:
Body   			:		x		y			z		|		vx			vy			vz		
Body191 0.400000	: 0.320000	1.400000	0.020000	|	-0.180000	0.340000	0.296000
Body192 0.400000	: 1.620000	1.560000	-1.140000	|	-0.284000	-0.336000	-0.004000
Body193 0.400000	: -0.840000	-1.000000	-1.160000	|	-0.304000	0.384000	-0.076000
Body194 0.400000	: -0.140000	-0.900000	1.080000	|	-0.328000	-0.040000	-0.380000
Body195 0.400000	: 1.000000	-0.260000	0.280000	|	0.048000	-0.328000	-0.388000
Body196 0.400000	: -1.020000	1.640000	-1.580000	|	0.200000	-0.256000	-0.184000
Body197 0.400000	: 1.440000	-1.660000	-1.360000	|	-0.152000	-0.024000	-0.208000
Body198 0.400000	: -1.820000	1.980000	-0.060000	|	-0.004000	-0.116000	-0.028000
Body199 0.400000	: 1.600000	-1.760000	0.940000	|	0.136000	-0.280000	-0.060000
Body200 0.400000	: 0.780000	-1.440000	-1.600000	|	0.000000	0.160000	-0.252000
-------------------------------------------------------------------------------------------

Last Step = 10000
Body191 0.400000	: 0.320000	1.400000	0.020000	|	-0.180000	0.340000	0.296000
Body192 0.400000	: 1.620000	1.560000	-1.140000	|	-0.284000	-0.336000	-0.004000
Body193 0.400000	: -0.840000	-1.000000	-1.160000	|	-0.304000	0.384000	-0.076000
Body194 0.400000	: -0.140000	-0.900000	1.080000	|	-0.328000	-0.040000	-0.380000
Body195 0.400000	: 1.000000	-0.260000	0.280000	|	0.048000	-0.328000	-0.388000
Body196 0.400000	: -1.020000	1.640000	-1.580000	|	0.200000	-0.256000	-0.184000
Body197 0.400000	: 1.440000	-1.660000	-1.360000	|	-0.152000	-0.024000	-0.208000
Body198 0.400000	: -1.820000	1.980000	-0.060000	|	-0.004000	-0.116000	-0.028000
Body199 0.400000	: 1.600000	-1.760000	0.940000	|	0.136000	-0.280000	-0.060000
Body200 0.400000	: 0.780000	-1.440000	-1.600000	|	0.000000	0.160000	-0.252000
-------------------------------------------------------------------------------------------
